s_11 = 0.000249791883190134 - 9.42320545953709e-005i;
s_12 = 0.999250283783862 -  0.000219770154524734i;
s_21 = 0.999250283783863 -  0.000219770154524756i;
s_22 = 0.000249791883190079 - 9.42320545953931e-005i;
s_params = [s_11,s_12; s_21,s_22];
%指定传输线的长度、频率和阻抗。
length = 1e-3;
freq = 1e9;
z0 = 50;
%将s参数转换为rlgc参数。

